4.945204999999999827e-04
1.654532000000000008e-03
1.620368000000000069e-03
1.814625999999999956e-03
1.544872999999999993e-03
1.994060000000000190e-03
3.944924000000000043e-04
-6.727569999999999557e-04
1.393780999999999970e-03
4.033428000000000360e-03
6.776064000000000045e-03
3.263339000000000083e-03
-2.692796999999999812e-03
-2.844332000000000197e-03
-7.329761000000000176e-04
1.272314000000000084e-03
2.744250000000000161e-03
2.253091999999999942e-03
1.673205000000000092e-03
1.818376999999999927e-03
1.364926000000000030e-03
-2.828078999999999836e-03
-2.675794000000000002e-03
2.921048999999999890e-04
1.678311999999999946e-03
1.762246999999999989e-03
1.614682000000000096e-03
-6.856540999999999851e-04
-7.608299999999999915e-04
1.264740999999999999e-03
3.804275000000000191e-03
1.885305000000000097e-03
-3.631469000000000016e-03
-1.066464000000000040e-03
9.682445000000000027e-04
-1.493280999999999949e-03
-3.844677999999999811e-03
-2.833755999999999775e-04
6.077225000000000335e-03
7.051319999999999810e-03
5.103726999999999743e-03
-1.591913999999999883e-04
-4.004617000000000246e-03
-1.418275999999999998e-03
3.721598000000000007e-03
6.381351000000000384e-03
-3.286790000000000154e-04
-3.113568000000000151e-03
-2.073254999999999976e-03
9.923408000000000315e-04
4.051810000000000307e-03
3.927507999999999694e-03
-6.981275999999999801e-04
-4.261154999999999977e-03
-1.182340000000000040e-03
1.366182000000000073e-03
9.654814999999999751e-04
1.955759999999999964e-03
5.309888999999999928e-03
1.722343000000000094e-03
-1.634293000000000109e-05
-2.421974999999999822e-03
-6.736647999999999595e-03
-9.163707999999999576e-03
-5.102910000000000432e-03
-1.143080000000000094e-03
-1.167550000000000055e-03
-1.043139000000000002e-03
-9.748235999999999750e-04
-1.726420999999999902e-03
-3.970987999999999948e-03
-3.473364000000000052e-03
1.121589000000000012e-04
3.962819000000000237e-03
-2.973800999999999875e-03
-5.538615000000000205e-03
-3.565397000000000097e-03
-6.896081000000000086e-03
-2.141924999999999819e-03
2.450077000000000157e-03
2.430611999999999964e-03
-1.475257000000000001e-03
-4.722350999999999632e-03
-3.599679000000000160e-03
-1.339953999999999971e-03
-8.516002999999999854e-04
4.566536999999999745e-04
1.820989999999999978e-03
-9.713201000000000517e-04
-2.223763000000000128e-03
-6.962802000000000357e-04
-1.571415000000000051e-03
-2.729035999999999788e-03
4.086005999999999666e-03
6.454785000000000210e-03
-3.174198000000000037e-03
-7.817464999999999137e-03
-1.408320000000000015e-03
-2.523147999999999797e-03
-2.341835000000000010e-03
1.772776999999999903e-03
7.894844000000000471e-04
-3.936918999999999770e-04
-9.833600999999999974e-04
1.782055000000000054e-03
1.042654999999999998e-04
-7.842170000000000304e-04
-7.396030999999999526e-04
4.235659999999999599e-03
5.355114000000000228e-03
-1.156478999999999971e-03
-2.569160000000000020e-03
1.034087000000000049e-04
1.692960999999999988e-03
-2.166197999999999822e-03
-2.924200000000000063e-03
-1.440721999999999966e-03
-4.895770000000000460e-04
-1.442375000000000081e-03
-5.777799000000000129e-03
-4.130158000000000093e-03
2.608236999999999795e-03
7.104123999999999856e-03
7.148647000000000161e-03
4.996551000000000117e-03
4.394521999999999665e-03
-3.551995999999999973e-03
-9.067354999999999166e-03
-1.795649000000000073e-03
1.552942000000000081e-03
-5.736908000000000198e-04
8.005888999999999540e-04
9.082918999999999628e-04
-7.314623999999999605e-03
-6.165732000000000157e-03
1.841200999999999992e-03
4.620716999999999880e-03
2.036164999999999937e-03
6.896250000000000253e-04
5.859500000000000125e-03
5.637770999999999755e-03
1.111529999999999897e-03
3.858382999999999952e-03
3.411267999999999852e-03
-1.738076000000000074e-03
1.132156000000000048e-03
2.265690999999999799e-03
1.656410999999999994e-03
3.801562000000000083e-03
1.101300000000000022e-02
3.855667000000000122e-03
-9.992466000000000195e-03
-1.124016000000000078e-02
-7.851910999999999613e-03
-4.834565000000000086e-04
4.245793999999999783e-03
4.006961000000000073e-04
1.618819999999999981e-03
2.601370999999999892e-03
-1.540497000000000047e-03
1.679450000000000083e-03
-5.247457999999999984e-03
-1.624942000000000053e-02
-4.857964000000000206e-03
9.314443000000000375e-03
6.234143000000000150e-03
-3.082140000000000140e-03
-4.759226000000000081e-03
-5.720430000000000306e-03
-1.115338999999999914e-02
-1.362286000000000052e-02
-9.469860999999999557e-03
-2.394162999999999934e-03
-2.284616000000000164e-03
-6.325591000000000200e-03
-4.000061000000000068e-03
6.424588999999999647e-03
1.067749999999999949e-02
8.971813999999999831e-03
6.262654999999999784e-03
3.540234000000000176e-03
1.284361000000000085e-04
-8.837110000000000451e-03
-2.912795000000000141e-03
6.913207999999999680e-03
-1.698283999999999883e-04
-5.881260000000000134e-03
-3.991225999999999628e-03
-7.469242000000000069e-04
-7.773888999999999973e-03
-1.263994000000000055e-02
-3.384018999999999829e-03
2.048723000000000124e-03
-9.123781999999999986e-04
-3.957106999999999639e-03
-1.968205999999999905e-04
1.191957000000000086e-02
2.305493000000000126e-02
2.080357000000000040e-02
6.962374000000000340e-03
-1.849254000000000045e-03
-1.704779000000000017e-02
-1.953063999999999842e-02
-1.157500000000000022e-02
-1.254552999999999918e-02
7.547976999999999985e-04
6.620896000000000246e-03
-3.799427000000000105e-05
1.336239000000000133e-04
-2.140202999999999810e-03
-1.270040000000000058e-03
-1.315645999999999960e-03
-6.142003000000000046e-03
2.765066000000000052e-03
1.114693999999999928e-02
1.239543000000000068e-02
4.836036999999999628e-03
-4.910509000000000185e-04
8.685805999999999692e-04
1.549033000000000007e-03
-8.617959999999999163e-03
-1.743373999999999965e-02
-8.436961999999999240e-03
-4.412652000000000414e-03
9.669477999999999580e-04
1.349115000000000036e-02
1.875040999999999861e-02
2.065151999999999960e-02
2.111777999999999919e-02
5.091084000000000061e-03
-8.817527999999999824e-03
-1.226213999999999950e-02
-1.150523999999999991e-02
-3.633325000000000183e-03
4.008124000000000062e-03
3.949180000000000051e-03
-2.199913999999999863e-03
-2.738162000000000148e-03
5.646695999999999660e-03
2.463935000000000083e-02
1.847595999999999961e-02
2.590971999999999980e-03
1.283780999999999898e-04
-1.292977000000000015e-02
-1.481618999999999992e-02
-2.749235000000000047e-04
9.818049000000000567e-03
1.434198000000000070e-02
4.686830999999999810e-03
-7.952206999999999332e-03
-1.490186999999999935e-02
-1.219011000000000053e-02
-1.039638999999999971e-03
-6.529885999999999503e-04
1.173592999999999902e-03
-4.787915999999999700e-03
-8.415142999999999929e-03
3.434884999999999935e-03
-2.984053999999999873e-04
1.553658000000000079e-03
1.032494999999999941e-02
1.500891999999999981e-03
-1.223037000000000082e-02
-2.129715000000000080e-02
-1.727601000000000137e-02
1.728799000000000047e-03
4.664872999999999936e-03
-1.124874000000000013e-02
-6.880892999999999905e-03
-1.786962999999999920e-03
-6.040374000000000264e-03
-6.533846000000000272e-03
3.923120000000000426e-03
-3.150017999999999764e-04
-1.231061999999999955e-02
-7.975426000000000737e-03
1.772780000000000059e-03
1.599681999999999840e-02
2.377274999999999874e-02
2.413179999999999839e-02
1.266644999999999924e-02
5.155828999999999794e-03
-1.237927999999999945e-02
-1.809407000000000029e-02
3.818099000000000146e-03
1.568947000000000050e-02
1.266894000000000006e-02
1.070082999999999972e-02
1.607514999999999986e-02
6.440295999999999868e-03
-1.415037999999999973e-03
-4.467193000000000379e-03
-1.788166000000000104e-03
1.240626000000000055e-02
1.086235999999999972e-02
-9.523072000000000481e-03
-1.990543999999999994e-02
-1.683381000000000113e-02
-3.898831000000000171e-03
3.353913000000000033e-03
-2.083329000000000084e-02
-3.705495000000000316e-02
-2.547628999999999866e-02
2.366903999999999970e-03
1.779524999999999857e-02
1.693967999999999863e-02
3.168373000000000023e-02
3.486447000000000157e-02
2.646758999999999917e-02
2.663178999999999894e-02
2.766180000000000028e-02
5.803764000000000318e-03
-1.546279000000000056e-02
-1.976320999999999981e-02
-3.204038000000000025e-02
-3.275727999999999973e-02
-2.316415999999999961e-02
-6.791524999999999646e-03
8.460366000000000414e-03
2.875101000000000045e-02
4.259253000000000344e-02
3.151767999999999931e-02
1.361843000000000081e-02
1.459129999999999976e-02
2.068042000000000144e-02
1.313808999999999984e-02
1.312891000000000058e-02
1.029287000000000084e-02
2.456837999999999817e-03
-2.685948000000000068e-03
-1.520351999999999988e-03
-9.521595000000000752e-03
-2.238721000000000114e-02
-2.623895000000000047e-02
-2.641947999999999866e-02
-1.839481999999999923e-02
-7.242496999999999650e-03
-6.811155999999999634e-03
-7.199724000000000228e-03
-8.310299999999999632e-03
6.668234000000000097e-04
2.313364000000000045e-02
1.579830000000000123e-02
-8.998796999999999352e-03
-3.448425000000000101e-02
-2.166560999999999834e-02
7.789782000000000303e-03
1.663635999999999934e-02
3.013025999999999812e-03
-8.873620000000000466e-03
-1.489414000000000102e-03
-8.677920000000000425e-03
-9.866019000000000178e-03
-9.381673000000000096e-03
-7.899981000000000364e-03
1.479936000000000055e-03
4.491300999999999627e-03
5.081697999999999944e-03
9.054717000000000321e-03
9.682843000000000006e-03
-1.122277999999999991e-02
-3.204989999999999922e-02
-1.617191999999999935e-02
5.748262999999999984e-03
1.340690000000000067e-03
-8.918403000000000094e-03
1.459569999999999965e-02
2.804759999999999892e-02
-2.732604999999999930e-03
-1.858419999999999864e-02
-9.284864000000000311e-03
2.622058000000000028e-03
1.657975999999999894e-02
1.545011999999999905e-03
-2.757704000000000058e-02
-8.689697999999999173e-03
1.209646999999999979e-02
1.654826000000000083e-03
1.438980999999999941e-02
2.415619000000000099e-02
1.701762000000000066e-02
2.460574000000000094e-02
1.117991999999999944e-03
-1.729736000000000121e-02
-5.913596000000000130e-03
-3.943465000000000165e-03
2.270441000000000126e-02
2.989686000000000080e-02
7.198414999999999675e-03
-1.318511999999999983e-02
-1.083053999999999961e-02
-9.831242999999999926e-03
2.120578000000000046e-02
4.090586999999999696e-02
1.759350999999999970e-02
2.138699999999999976e-02
3.507030999999999864e-03
-6.193256999999999755e-03
1.835398999999999928e-03
-4.699481000000000144e-03
-1.722049000000000149e-02
-1.480574999999999947e-02
-3.528067000000000182e-03
4.841190000000000423e-03
1.541114000000000026e-02
2.039878999999999998e-02
3.590607000000000000e-03
-6.377891000000000116e-03
-2.443735000000000004e-02
-1.951701999999999951e-02
2.104885999999999910e-02
3.429879999999999735e-02
6.943996000000000023e-03
-1.208834999999999944e-02
-7.186361999999999958e-03
-4.962331999999999854e-03
3.109138999999999913e-03
-1.605068000000000120e-02
-3.321783999999999848e-02
-1.490059999999999996e-02
4.958546000000000308e-03
3.154623000000000149e-02
5.434746000000000021e-02
4.191820000000000268e-02
1.622157000000000113e-02
1.593386000000000108e-02
1.392272999999999948e-02
1.626045000000000008e-03
1.780988999999999836e-02
2.386013999999999843e-02
5.956684999999999758e-03
-1.340913999999999995e-02
-2.527853000000000044e-02
-3.019095999999999932e-02
-2.017274000000000150e-02
-7.456159999999999871e-03
-2.616831000000000018e-02
-3.499262999999999679e-02
-3.685896000000000311e-02
-3.937999999999999834e-02
-3.488288999999999973e-02
-2.766296000000000033e-02
-3.669938999999999840e-02
-2.651086999999999888e-02
1.327994000000000049e-02
3.799323999999999757e-02
3.387522999999999923e-02
1.712922000000000056e-02
9.803968999999999184e-03
1.610608999999999999e-02
1.588313999999999959e-03
-1.314158999999999987e-02
1.059475999999999994e-02
1.021526000000000031e-02
-9.999025999999999401e-03
-8.053423999999999999e-03
1.643348000000000031e-02
1.392772999999999928e-02
1.818722999999999868e-02
1.662171999999999955e-02
2.659200000000000105e-02
6.695286000000000293e-02
5.861598999999999976e-02
2.453976000000000074e-02
-2.047567000000000137e-02
-5.212276999999999882e-02
-5.059426000000000201e-02
-3.325705999999999801e-02
-2.731491999999999948e-02
-2.168586999999999945e-02
-1.198073000000000020e-02
-1.884606000000000128e-02
-8.727916000000000493e-03
1.754667000000000032e-02
4.364686000000000260e-02
3.608809000000000322e-02
-4.565747999999999682e-03
-4.142904000000000031e-02
-3.005758000000000041e-02
7.540678999999999785e-03
1.424866999999999974e-02
-1.939211000000000060e-02
-4.195600000000000024e-02
-1.788721000000000061e-02
2.363211999999999952e-02
-3.216899999999999968e-03
-4.824356999999999951e-02
-2.333651999999999949e-02
4.723703999999999577e-03
8.483746000000000342e-04
2.234110000000000089e-03
2.871322999999999844e-03
-3.599687000000000026e-02
-2.571657999999999930e-02
5.569669000000000009e-02
8.860801999999999568e-02
4.971637999999999752e-02
2.327322000000000071e-02
1.326490999999999955e-02
2.060395000000000022e-03
-2.274090000000000139e-02
-3.831518999999999897e-02
-3.112076999999999899e-02
-7.830079999999999679e-03
2.132333999999999966e-02
2.927037000000000042e-02
1.416415000000000035e-02
-7.591045000000000258e-03
-1.585450000000000054e-02
-9.533020999999999162e-03
-1.474835000000000035e-02
-2.154433999999999863e-02
-2.797422999999999924e-02
-4.729011000000000325e-02
-4.945221000000000339e-02
-5.568006000000000344e-03
3.132149000000000044e-02
1.068908000000000011e-02
1.668729999999999866e-02
3.542261000000000021e-02
2.436494000000000160e-02
-1.032520999999999960e-02
-5.287379999999999858e-02
-6.252926999999999791e-02
-3.868076000000000153e-02
1.800429000000000092e-03
-2.481797999999999903e-03
-2.375158000000000130e-02
-6.521469999999999698e-03
3.484285000000000160e-02
5.797241000000000199e-02
6.288760999999999657e-02
5.970981999999999679e-02
4.037659999999999860e-02
3.096894000000000036e-02
5.139606999999999596e-04
-2.553963000000000066e-02
-2.705211999999999894e-02
1.010252000000000025e-02
4.868283999999999806e-02
3.993192000000000269e-02
1.239147999999999986e-02
-1.111774999999999916e-02
-3.480238000000000081e-02
-4.389288999999999691e-02
-5.155876000000000209e-02
-5.950608000000000286e-02
-5.838141000000000164e-02
-4.550781999999999744e-02
-9.056833000000000028e-04
-5.673324999999999896e-03
-4.034001000000000253e-02
-2.820575999999999986e-02
-7.494095000000000097e-03
-3.403209000000000095e-02
-6.669896999999999632e-02
-6.098833000000000032e-02
-5.346145000000000064e-02
-4.268351000000000089e-02
-5.470731999999999852e-03
1.775774999999999923e-02
-1.858852000000000074e-02
-5.543754000000000043e-02
-4.762511999999999995e-02
-2.876640999999999920e-02
-2.991177000000000072e-02
-1.640896999999999842e-02
7.267206000000000013e-03
3.882018999999999748e-02
6.616656999999999400e-02
6.541993999999999587e-02
5.669348999999999916e-02
2.992198000000000080e-02
7.813937999999999440e-03
-4.318578000000000000e-03
-9.338100999999999693e-03
-8.186913000000000523e-03
8.000989000000000018e-03
2.273671999999999846e-02
-9.858778999999999806e-03
-5.386973999999999929e-02
-5.744625999999999899e-02
-2.432383000000000114e-02
3.081470999999999863e-02
7.049436000000000591e-02
3.870550999999999853e-02
-2.166890000000000135e-02
-5.220952999999999705e-02
-2.061371000000000037e-02
2.555483000000000060e-02
3.502642999999999729e-02
2.310807000000000139e-02
-2.212282999999999784e-03
3.619718999999999975e-03
3.694508999999999987e-02
4.895903000000000060e-02
5.164499000000000173e-02
9.092284999999999950e-02
5.977442000000000172e-02
-2.638928999999999928e-02
-7.541248000000000395e-02
-6.776322999999999375e-02
-2.471216999999999858e-02
3.032951999999999784e-03
3.521820999999999979e-02
5.457254000000000271e-02
5.417368000000000183e-02
4.096223999999999699e-02
3.060109000000000093e-02
3.556220999999999688e-02
7.117598999999999454e-02
2.966859999999999983e-02
-3.052937999999999832e-02
-3.792906000000000055e-02
-2.757431000000000118e-02
4.295888999999999958e-02
1.197331999999999980e-01
1.349818999999999880e-01
5.014389000000000346e-02
-4.161435000000000134e-02
-7.424756999999999885e-02
-6.456178999999999391e-02
-1.715217000000000130e-02
5.391846000000000139e-02
8.968827000000000049e-02
1.418130000000000085e-02
-9.552104999999999624e-02
-8.924134999999999707e-02
-1.238853000000000003e-02
1.228909000000000078e-02
-3.185239000000000126e-02
-8.501793000000000544e-02
-6.585224000000000633e-02
2.784332999999999947e-02
7.038859000000000088e-02
2.723120999999999875e-02
-3.854702000000000128e-02
-4.641274000000000094e-02
1.438452999999999911e-03
2.847669000000000155e-03
-5.767764000000000224e-02
-1.192044000000000020e-01
-1.130614000000000063e-01
-5.908328000000000191e-02
-5.988361000000000205e-03
3.229318999999999940e-02
5.461204000000000058e-02
3.205837999999999743e-02
-1.031579000000000003e-02
-2.396776000000000115e-02
-2.672230999999999912e-02
-5.678973999999999828e-02
-4.971459999999999768e-02
4.130878999999999628e-03
3.699228000000000238e-02
6.913370000000000626e-02
1.086706000000000061e-01
1.052031999999999967e-01
1.558394000000000055e-03
-7.272889000000000437e-02
-2.499701000000000006e-02
8.056987000000000176e-02
1.331998000000000071e-01
7.035650999999999711e-02
-3.148023999999999961e-02
-6.036775999999999948e-02
-3.542499000000000342e-02
1.778416000000000025e-02
7.810527999999999915e-02
6.072907000000000305e-02
-1.362348000000000031e-02
-1.501865999999999965e-02
1.156699999999999916e-02
6.630888999999999533e-02
7.604363000000000095e-02
-3.970757000000000106e-03
-2.661822999999999967e-02
-2.380780999999999870e-02
1.752698000000000103e-02
3.092173000000000144e-02
-6.514637000000000205e-03
-1.571523000000000017e-02
-7.875240999999999839e-03
1.072244999999999969e-02
4.702052999999999788e-02
7.432515000000000649e-02
6.496443999999999830e-02
3.705591999999999914e-02
3.704459000000000224e-02
1.055764000000000008e-02
-2.234985999999999917e-02
-2.115987000000000076e-02
1.405520000000000033e-02
3.642201999999999940e-02
1.872764999999999846e-02
1.389313000000000093e-04
2.090264999999999831e-02
7.819094999999999518e-02
9.135524999999999896e-02
4.837940999999999769e-02
-3.567229000000000233e-02
-9.471480000000000177e-02
-1.000401999999999958e-01
-5.746433000000000096e-02
-4.228290999999999994e-02
-9.720855000000000468e-02
-9.613583000000000545e-02
-3.174372000000000305e-02
1.655722999999999917e-02
4.699769000000000169e-02
6.303063999999999889e-02
7.402279999999999971e-02
7.475083000000000422e-02
6.939890999999999421e-02
3.018202000000000038e-02
2.845442000000000110e-02
3.789548999999999696e-02
3.929045999999999927e-02
8.016666000000000417e-03
-3.284105999999999831e-02
3.108273999999999846e-03
2.646227000000000128e-03
-8.305240999999999318e-02
-1.569114000000000064e-01
-1.508579999999999921e-01
-3.151177000000000145e-02
1.135912000000000033e-01
1.079057999999999962e-01
2.983511999999999970e-02
-4.561366000000000032e-02
-6.158968000000000081e-02
-7.397096000000000227e-02
-9.888231000000000104e-02
-7.655320000000000180e-02
-4.860815000000000274e-02
-2.818400000000000072e-02
-3.169518999999999809e-02
-5.462613000000000191e-02
-1.160651000000000044e-01
-1.642174000000000134e-01
-1.235841000000000023e-01
-2.559318000000000010e-02
1.962090000000000015e-02
8.996719999999999717e-03
3.254243999999999887e-02
7.032433000000000434e-02
1.368243000000000098e-01
1.819150999999999962e-01
1.608625999999999945e-01
8.331304000000000487e-02
-3.997583999999999860e-02
-9.522065999999999864e-02
-9.113548000000000482e-02
-7.755201999999999929e-02
-7.790492999999999724e-02
-6.233187999999999923e-02
-1.575638000000000039e-02
7.446484999999999910e-02
1.556955999999999896e-01
1.152467999999999965e-01
3.441877000000000131e-02
1.629409000000000066e-02
5.225363999999999703e-02
1.029092999999999952e-01
1.308503000000000027e-01
1.013122000000000050e-01
4.204535000000000217e-02
2.970284999999999939e-02
3.694734000000000212e-02
2.778452000000000005e-02
1.620175999999999908e-02
4.280888000000000054e-02
5.308111000000000079e-02
1.289747999999999936e-02
1.801062999999999970e-02
4.497874999999999790e-02
3.746800000000000130e-02
-1.458387000000000051e-02
-3.859167000000000153e-02
-4.031822999999999657e-02
-3.993483999999999923e-02
-4.218861000000000139e-02
-5.449336999999999931e-02
-4.972388999999999976e-02
-8.409882000000000468e-02
-1.241365999999999997e-01
-1.441550000000000054e-01
-1.007254999999999956e-01
2.484959000000000126e-02
1.023103000000000068e-01
1.225856000000000029e-01
1.257041000000000130e-01
1.207386000000000015e-01
3.988707999999999837e-02
-1.913294999999999926e-02
-3.666002000000000149e-02
-6.276958000000000537e-02
-6.735254000000000241e-02
-2.439623000000000139e-02
3.557517999999999792e-02
-5.440570999999999949e-03
-6.404350999999999794e-02
-6.770151000000000641e-02
-6.958304999999999352e-02
-9.382029000000000063e-02
-1.042415000000000008e-01
-1.110842999999999969e-01
-1.098554999999999948e-01
-1.214882000000000045e-01
-1.599116999999999900e-01
-1.674795000000000034e-01
-1.211935999999999986e-01
-7.069393999999999678e-02
-4.420406999999999809e-02
-2.923163000000000150e-02
-2.080724000000000115e-02
-8.592301000000000105e-03
1.889593999999999996e-02
6.115778000000000186e-02
7.491464000000000456e-02
6.598028000000000226e-02
7.599351000000000023e-02
7.069264999999999577e-02
2.419556999999999958e-02
-4.375470000000000054e-02
-9.652038999999999758e-02
-8.551184000000000562e-02
1.874428000000000032e-03
7.245975999999999806e-02
8.644401999999999642e-02
7.647663000000000377e-02
5.170095999999999720e-02
3.002236999999999961e-02
-2.527033999999999878e-02
-7.300848000000000060e-02
-7.189489000000000296e-02
-7.003687999999999581e-02
-8.425269000000000508e-02
-8.213156000000000623e-02
-2.719072000000000155e-02
2.502304999999999807e-03
2.879639000000000157e-02
6.352816999999999492e-02
8.050245999999999791e-02
7.378511000000000097e-02
4.178835999999999662e-02
3.278977000000000280e-02
2.632637000000000171e-02
1.454275000000000012e-02
3.580624000000000307e-02
5.900630999999999932e-02
7.887587999999999197e-03
-2.531353000000000075e-02
-1.823216999999999893e-02
3.453347999999999834e-02
9.047881000000000673e-02
1.044743000000000061e-01
4.660972000000000032e-02
-5.151388999999999968e-02
-6.565319999999999490e-02
-5.106725000000000153e-02
5.189115999999999694e-03
7.194008000000000347e-02
9.752439999999999720e-02
9.484847999999999890e-02
4.218275999999999970e-02
-1.626309999999999908e-02
-2.435713000000000114e-02
6.820712999999999950e-03
3.543687000000000226e-02
3.736526999999999904e-02
5.874335999999999967e-03
-2.880239999999999884e-02
-4.515157000000000198e-02
-1.316503999999999938e-02
6.562651999999999375e-02
1.011791999999999969e-01
9.494937999999999989e-02
5.670747999999999761e-02
6.737049000000000162e-03
-1.228804000000000007e-02
-1.075122000000000057e-02
-3.650471000000000184e-03
1.415190000000000024e-02
4.827896999999999744e-02
2.270787999999999973e-02
-2.759703000000000156e-02
-3.659662999999999805e-02
-3.144261999999999752e-02
-2.377078999999999998e-02
-3.564922999999999703e-02
-3.861578000000000233e-02
-5.367899999999999755e-02
-3.302938999999999875e-02
3.242238000000000064e-02
4.806484999999999924e-02
2.759270000000000125e-02
4.769937999999999609e-03
3.400376000000000093e-03
3.226762999999999789e-04
8.481974999999999237e-03
1.726232000000000114e-02
-3.622841999999999816e-03
-4.541664000000000118e-02
-7.994753000000000276e-02
-6.441824999999999635e-02
1.565416999999999850e-02
7.632724000000000453e-02
9.584081999999999324e-02
1.198995999999999951e-01
1.124174000000000007e-01
8.361058999999999852e-02
5.862896000000000080e-02
4.874726000000000059e-02
1.687496000000000135e-02
-2.341261000000000037e-02
-6.412848000000000159e-02
-1.234217999999999982e-01
-1.611160000000000092e-01
-1.355234999999999912e-01
-4.960567999999999922e-02
1.327931000000000077e-02
4.277555000000000246e-02
7.472233999999999821e-02
1.162785000000000069e-01
1.138779999999999931e-01
6.433181999999999789e-02
1.601957999999999854e-02
-1.419148999999999931e-02
-4.476051000000000335e-02
-6.777700999999999865e-02
-5.267807000000000045e-02
-4.661238000000000187e-02
-5.802680000000000338e-02
-3.128600000000000131e-02
-7.638503000000000480e-04
1.586773999999999997e-03
1.031818999999999965e-02
2.239856999999999959e-02
4.730477999999999766e-02
5.689587000000000117e-02
2.940455999999999973e-02
2.118410999999999905e-02
1.710193999999999950e-02
-1.948787999999999909e-02
-5.072179000000000271e-02
-7.138155999999999668e-02
-7.292956999999999912e-02
-5.416042000000000078e-02
-2.732783999999999908e-02
-1.211569000000000014e-02
-2.071816000000000196e-03
3.559459000000000060e-03
-1.176276000000000058e-02
-1.490366000000000087e-02
-2.329033000000000145e-02
-3.655972999999999862e-02
-1.771409999999999998e-02
-6.056919000000000018e-03
-2.568874999999999978e-02
-2.266200000000000159e-02
-1.320958000000000028e-02
-8.057606000000000143e-03
-1.902432999999999902e-02
-3.451480999999999993e-02
-4.286577999999999916e-02
-6.033057000000000003e-02
-5.936683999999999711e-02
-5.987363999999999881e-02
-6.643285000000000162e-02
-7.665207000000000270e-02
-9.532324999999999826e-02
-1.116233999999999976e-01
-1.044767999999999947e-01
-8.251261999999999486e-02
-7.992029999999999967e-02
-9.235653000000000612e-02
-9.230652000000000301e-02
-7.218919999999999504e-02
-4.016386999999999735e-02
-2.117443999999999923e-02
-2.649359999999999910e-02
-3.338117000000000167e-02
-2.474459000000000033e-02
-2.322915000000000049e-02
-2.960888000000000062e-02
-2.341160999999999937e-02
-5.432776000000000272e-03
1.386974000000000019e-02
2.085632000000000111e-02
2.685778999999999944e-02
3.394429999999999670e-02
6.613118999999999768e-03
-3.311149000000000037e-02
-3.618508000000000141e-02
-2.027539000000000077e-02
-1.330825000000000107e-03
1.181831000000000027e-02
2.729867000000000057e-02
4.887020999999999726e-02
6.514396000000000075e-02
7.325231000000000103e-02
6.483811999999999909e-02
6.557445000000000634e-02
6.229180000000000134e-02
3.561328999999999884e-02
3.376650999999999958e-02
5.653628000000000126e-02
6.402969999999999495e-02
5.602853000000000000e-02
5.018316999999999917e-02
4.614487999999999923e-02
3.636724000000000206e-02
1.862917000000000045e-02
9.213551000000000379e-03
2.438186000000000173e-02
3.153874999999999734e-02
1.428100000000000029e-02
4.861307999999999949e-03
1.132008000000000103e-03
1.043656999999999918e-02
3.660733000000000043e-02
5.501651999999999931e-02
3.993905999999999845e-02
2.682978999999999919e-02
1.432932999999999950e-02
2.500911000000000193e-03
-7.878402000000000061e-04
9.059242999999999810e-03
3.095304000000000111e-02
3.139159999999999867e-02
1.578486999999999946e-02
-1.723740999999999989e-03
1.910948000000000160e-02
6.118172999999999667e-02
8.259315999999999880e-02
7.458689999999999765e-02
5.702729000000000131e-02
2.642260999999999915e-02
-9.851044999999999247e-03
-3.093399999999999969e-02
-9.477694999999999523e-03
2.402736000000000108e-02
1.692462000000000133e-02
8.644027000000000308e-03
-2.842762999999999887e-03
-1.624369000000000160e-02
-1.146491999999999997e-02
-5.072863000000000372e-03
-9.923919999999999270e-03
-4.220817999999999792e-02
-7.414468999999999921e-02
-3.075282999999999836e-02
4.477036999999999684e-02
7.038740000000000274e-02
5.465422999999999809e-02
6.699974000000000034e-03
-2.853247999999999895e-02
-2.818874999999999853e-02
-2.032412000000000107e-02
-2.228511999999999854e-02
-1.607762999999999901e-02
2.080800999999999831e-02
4.384090000000000209e-02
3.982302000000000064e-02
4.089895000000000336e-02
3.473949999999999955e-02
2.418684000000000112e-02
2.745734999999999842e-02
1.359447000000000086e-02
-9.089543000000000275e-03
-8.512286000000000852e-03
-1.816142000000000103e-02
-1.662046999999999830e-02
-8.088896999999999407e-03
-3.417898999999999937e-02
-4.373633999999999855e-02
-1.333143000000000002e-02
2.951689000000000049e-02
6.332788000000000306e-02
6.196857000000000060e-02
5.641285000000000049e-02
6.034927000000000347e-02
6.285698000000000674e-02
7.250115000000000032e-02
8.249815000000000620e-02
8.909213000000000549e-02
7.339874000000000398e-02
5.345387000000000055e-02
2.793485999999999886e-02
1.735567999999999833e-02
2.360599999999999851e-02
2.085876999999999870e-02
2.571402000000000063e-02
4.327577999999999980e-02
6.630867999999999485e-02
7.244478000000000029e-02
5.826984999999999804e-02
4.517079000000000233e-02
3.583269000000000037e-02
1.910014000000000156e-02
1.259083000000000034e-03
-2.251712000000000158e-02
-3.168081999999999843e-02
-2.544785000000000103e-02
-2.083733999999999933e-02
-1.367839000000000034e-02
-3.949593999999999848e-03
8.703946000000000599e-03
1.569769000000000025e-02
2.894779999999999923e-02
2.607206999999999927e-02
4.308931999999999693e-03
-1.130186000000000038e-02
-2.233891000000000002e-02
-3.573165999999999842e-02
-4.552662999999999849e-02
-4.143518999999999675e-02
-3.292707000000000273e-02
-2.329515000000000058e-02
-1.358980000000000084e-02
1.355192999999999979e-03
1.719963999999999868e-02
1.911894000000000093e-02
9.705375999999999934e-03
-1.077385999999999969e-02
-3.855474999999999874e-02
-5.589100000000000318e-02
-5.696376000000000217e-02
-3.558595999999999981e-02
-1.112637999999999995e-02
-7.506085000000000014e-03
-8.513567999999999136e-03
1.573389000000000038e-02
3.683532999999999946e-02
1.849458000000000005e-02
3.111206000000000041e-03
-2.878939000000000064e-03
-9.004717000000000623e-03
-9.647114000000000036e-03
-9.377827000000000038e-03
-6.483616999999999679e-03
-2.105320999999999929e-02
-4.829665999999999820e-02
-6.900636999999999743e-02
-7.486700000000000299e-02
-7.260199999999999987e-02
-7.446812999999999350e-02
-8.171976000000000240e-02
-8.231829999999999703e-02
-6.795357000000000480e-02
-6.331552999999999487e-02
-5.966769000000000239e-02
-4.274942000000000325e-02
-3.576790999999999998e-02
-4.933403000000000094e-02
-6.835497000000000101e-02
-7.233410999999999313e-02
-7.037298999999999638e-02
-5.637129999999999919e-02
-3.167615000000000014e-02
-9.853730999999999254e-03
3.804297999999999794e-03
7.149253000000000378e-03
1.084602999999999956e-02
1.325584999999999958e-02
2.560141000000000153e-02
3.705262000000000139e-02
1.686098000000000111e-02
-2.953708999999999849e-02
-5.324393999999999655e-02
-3.765443999999999736e-02
1.221304999999999960e-02
5.024800000000000100e-02
4.401105999999999768e-02
3.619958000000000203e-02
4.924777999999999795e-02
5.453542000000000112e-02
4.854528000000000315e-02
4.686881999999999854e-02
3.008527000000000076e-02
1.210144999999999971e-02
7.637922000000000114e-03
1.638467000000000048e-02
3.372309999999999891e-02
3.430648000000000031e-02
1.142361000000000071e-02
-1.106357000000000000e-02
-7.689050000000000225e-03
5.572281000000000109e-03
8.957006999999999469e-03
-2.281968000000000104e-03
-1.540754000000000082e-02
-2.777338000000000029e-02
-4.131093999999999739e-02
-5.922746999999999734e-02
-7.607423000000000657e-02
-8.272827000000000652e-02
-8.317792999999999715e-02
-7.257007000000000041e-02
-6.761079999999999868e-02
-7.206924000000000663e-02
-7.639917000000000236e-02
-7.356003999999999321e-02
-6.754427000000000347e-02
-6.325295000000000223e-02
-6.125309999999999783e-02
-6.390447000000000488e-02
-6.458664999999999545e-02
-6.503834999999999478e-02
-6.094998000000000082e-02
-4.044819000000000192e-02
-2.425905999999999896e-02
-2.789758999999999989e-02
-3.078045000000000087e-02
-2.213568999999999953e-02
-1.308911999999999923e-02
-1.361731000000000052e-02
-1.137577000000000033e-02
3.206183000000000036e-03
2.477058999999999858e-02
4.606476000000000320e-02
5.901199000000000028e-02
5.373059000000000168e-02
3.024196999999999996e-02
2.347474000000000088e-02
4.002386000000000138e-02
4.619054999999999689e-02
3.634662999999999783e-02
3.604278999999999816e-02
3.666389999999999927e-02
2.840064999999999951e-02
2.655795999999999851e-02
2.678950000000000081e-02
2.657949000000000075e-02
2.352018999999999985e-02
1.643990000000000035e-02
1.987763999999999850e-02
3.162968000000000030e-02
2.503073000000000103e-02
7.534347999999999740e-03
3.092226999999999910e-03
1.010330000000000082e-02
2.262426000000000020e-02
2.812299000000000049e-02
2.803227999999999970e-02
2.912758999999999834e-02
3.220942999999999723e-02
4.422457999999999945e-02
4.535557999999999951e-02
3.091344999999999857e-02
1.783681999999999976e-02
1.916361000000000106e-02
2.353854000000000016e-02
1.851616000000000026e-02
1.569345000000000115e-02
2.517035999999999926e-02
3.038965999999999890e-02
2.841540999999999859e-02
3.309320999999999791e-02
3.971166000000000279e-02
3.579472000000000209e-02
2.059899000000000105e-02
5.646963999999999977e-03
-5.847986999999999803e-03
-1.365539999999999983e-02
-2.152195999999999970e-02
-2.280683000000000016e-02
-2.639437999999999854e-02
-2.756913000000000072e-02
-7.659832999999999573e-03
6.960858999999999797e-03
-1.967296999999999796e-03
-1.167865000000000049e-02
-9.967401000000000733e-03
-1.239021000000000089e-03
8.470391000000000725e-03
1.245677000000000069e-02
7.619990999999999570e-03
-2.724647000000000180e-03
-9.538793000000000272e-03
-1.258075999999999986e-02
-9.150158999999999723e-03
-8.476032999999999137e-03
-5.335050000000000035e-03
9.539564999999999850e-03
1.366056000000000041e-02
1.501722999999999947e-03
-2.508020000000000128e-03
2.567490999999999871e-03
9.932418000000000149e-03
2.555657000000000068e-02
2.725148999999999974e-02
1.561173000000000075e-02
1.526199999999999952e-02
2.137972000000000136e-02
2.746277999999999914e-02
2.895272000000000123e-02
2.718345000000000136e-02
2.874681999999999932e-02
2.920475000000000154e-02
3.357049000000000144e-02
4.501353000000000298e-02
5.139231999999999828e-02
4.455980999999999831e-02
3.721435000000000021e-02
3.482810000000000072e-02
2.873391000000000139e-02
2.176780999999999855e-02
2.413273999999999975e-02
1.859432999999999919e-02
6.517069999999999808e-03
6.213217000000000045e-03
7.362554000000000320e-03
-4.297612999999999607e-03
-2.326351999999999934e-02
-3.295448000000000127e-02
-2.577310999999999838e-02
-4.075139999999999665e-03
1.232915000000000053e-02
1.429633999999999940e-02
8.243968000000000823e-03
2.950309999999999825e-03
1.225587000000000031e-02
2.750473999999999974e-02
3.790964000000000139e-02
4.611587999999999798e-02
4.255889999999999673e-02
2.580796999999999952e-02
9.205928000000000375e-03
1.432151999999999904e-03
-2.688756999999999953e-03
-1.107338000000000072e-02
-1.573681999999999859e-02
-1.428359000000000052e-02
-1.560214000000000045e-02
-2.369407999999999931e-02
-3.078563000000000133e-02
-3.903971999999999998e-02
-5.021652000000000060e-02
-5.537761000000000072e-02
-5.301882000000000122e-02
-4.393048000000000092e-02
-3.360308000000000045e-02
-2.682046999999999903e-02
-2.285246000000000152e-02
-2.209474000000000160e-02
-2.249138999999999999e-02
-1.798900999999999972e-02
-3.927187000000000386e-03
9.291281999999999666e-03
1.541714999999999926e-02
2.495930000000000024e-02
3.245983999999999675e-02
3.203461999999999976e-02
2.922005000000000088e-02
2.635755000000000042e-02
2.496353000000000114e-02
3.038472999999999868e-02
3.520732000000000028e-02
3.607722000000000012e-02
3.214496000000000020e-02
1.672585999999999865e-02
4.147869999999999682e-03
7.357156999999999586e-03
1.427233999999999968e-02
1.066947000000000034e-02
1.510452999999999969e-02
2.399605999999999961e-02
2.719208000000000042e-02
2.012705000000000050e-02
3.983892000000000162e-03
1.507882000000000102e-03
1.195763000000000034e-02
1.965499000000000066e-02
1.346492000000000001e-02
4.975241000000000038e-03
3.852166999999999874e-04
1.505773999999999925e-05
-1.077525000000000011e-02
-1.755067999999999906e-02
-1.740687000000000137e-02
-1.369177000000000068e-02
-5.936292000000000131e-03
-9.965438000000000074e-03
-1.778410000000000060e-02
-2.015712000000000059e-02
-1.909243999999999872e-02
-2.647259999999999891e-02
-3.848461000000000243e-02
-4.816745000000000054e-02
-4.961959999999999982e-02
-4.676519999999999982e-02
-4.376905999999999852e-02
-4.443597999999999992e-02
-4.186610999999999805e-02
-3.888832999999999873e-02
-4.135312000000000016e-02
-3.885260000000000102e-02
-3.631229999999999875e-02
-3.423703000000000163e-02
-2.605833999999999928e-02
-1.821518000000000095e-02
-1.862103000000000022e-02
-2.182109999999999952e-02
-2.237176999999999916e-02
-2.380455000000000071e-02
-2.457345999999999836e-02
-2.708210999999999952e-02
-2.951122000000000120e-02
-2.240740000000000093e-02
-1.341594999999999940e-02
-4.402070000000000115e-03
7.640568999999999833e-03
1.395406000000000077e-02
1.271300000000000034e-02
5.090120000000000061e-03
3.134629000000000104e-04
2.503968000000000079e-03
6.732001999999999951e-03
7.312266999999999899e-03
2.222533999999999968e-03
-7.243091000000000113e-03
-1.809051999999999882e-02
-2.315578000000000081e-02
-2.496589000000000100e-02
-2.353105000000000127e-02
-2.241641999999999940e-02
-2.469154999999999961e-02
-2.382982999999999976e-02
-2.019328000000000095e-02
-1.523099999999999975e-02
-1.193811999999999998e-02
-8.227115999999999596e-03
-8.776775000000000548e-03
-1.500050999999999989e-02
-2.006476000000000093e-02
-2.385835000000000039e-02
-2.214204999999999993e-02
-1.996072999999999945e-02
-1.510858999999999987e-02
-8.954198000000000018e-03
-5.642958000000000002e-03
3.994000000000000154e-03
1.571436999999999834e-02
2.223487000000000033e-02
2.173312999999999981e-02
1.964257999999999976e-02
2.007190999999999836e-02
1.708393999999999885e-02
1.048797999999999918e-02
7.211412999999999851e-03
5.185696999999999963e-04
-1.239291999999999998e-02
-1.850753999999999941e-02
-1.780083000000000013e-02
-8.034368999999999539e-03
-5.564457000000000084e-03
-1.586121000000000059e-02
-3.068683999999999995e-02
-4.051144000000000273e-02
-3.877680000000000016e-02
-2.756733000000000100e-02
-1.377477000000000042e-02
-8.610586999999999408e-03
-1.119777999999999919e-02
-1.353717999999999935e-02
-9.382585000000000577e-03
-2.748898999999999961e-03
4.581298999999999615e-03
3.334095999999999935e-03
7.897260999999999604e-04
-5.543580999999999466e-04
-2.621469999999999877e-03
-1.695120999999999859e-05
4.166191999999999986e-03
6.903280999999999827e-03
1.128426000000000082e-02
1.463015999999999969e-02
1.389183000000000084e-02
1.464747999999999918e-02
1.190627999999999999e-02
-2.630748000000000027e-03
-1.173232999999999915e-02
-1.041987999999999942e-02
-1.265017000000000051e-02
-8.556764999999999163e-03
2.990233000000000127e-03
9.459726999999999372e-03
1.391921999999999951e-02
2.237118000000000093e-02
3.346437000000000023e-02
4.090571999999999958e-02
4.236705000000000332e-02
3.901194000000000189e-02
3.222527000000000030e-02
3.423321000000000003e-02
4.397620000000000001e-02
5.186931000000000180e-02
5.856723999999999958e-02
6.230167000000000344e-02
6.699367000000000516e-02
6.964101000000000319e-02
6.967260000000000120e-02
6.964708999999999484e-02
7.004784999999999484e-02
6.828054000000000068e-02
5.987851999999999758e-02
5.101249000000000061e-02
4.553725000000000134e-02
4.484377999999999975e-02
4.004262000000000099e-02
3.452045000000000113e-02
3.092978000000000047e-02
2.658854000000000078e-02
2.133049999999999877e-02
1.638861000000000137e-02
1.193519000000000004e-02
1.064616000000000000e-02
1.071342999999999948e-02
3.604496999999999909e-03
-3.340257000000000122e-03
-9.080985000000000402e-04
7.515288999999999650e-03
1.146181999999999930e-02
1.178609000000000080e-02
9.903541000000000080e-03
7.037919999999999593e-03
4.632222000000000076e-03
-1.478350999999999927e-03
-6.230572999999999667e-03
-1.122041000000000011e-02
-1.550964999999999983e-02
-1.370771999999999963e-02
-9.817272000000000151e-03
-6.510143999999999827e-03
-1.287872999999999969e-02
-2.477249999999999938e-02
-3.030791000000000041e-02
-2.583210999999999841e-02
-1.849378000000000133e-02
-2.105042000000000024e-02
-3.016322999999999921e-02
-3.789933999999999664e-02
-4.086491999999999902e-02
-3.744051000000000323e-02
-3.310851000000000072e-02
-3.453011999999999748e-02
-3.532762999999999876e-02
-3.550713999999999954e-02
-3.300157000000000090e-02
-2.575093999999999994e-02
-1.903263999999999997e-02
-1.466189000000000034e-02
-1.399498000000000061e-02
-1.579391999999999949e-02
-1.828733000000000095e-02
-2.285803999999999961e-02
-2.354846999999999843e-02
-2.003840999999999956e-02
-1.422874000000000014e-02
-1.181494999999999941e-02
-1.193940999999999926e-02
-1.161006000000000017e-02
-1.149486000000000084e-02
-9.702122000000000523e-03
-1.051493000000000046e-02
-8.002224000000000489e-03
-2.559679999999999941e-03
-2.821806000000000054e-03
-7.792274000000000075e-03
-1.130037000000000055e-02
-1.368161000000000030e-02
-1.760273000000000046e-02
-1.933537999999999923e-02
-1.743963999999999931e-02
-1.388267999999999967e-02
-9.619010000000000754e-03
-1.668819999999999895e-03
1.135887000000000008e-02
1.931416000000000036e-02
1.855947999999999973e-02
1.300772000000000039e-02
1.066218000000000027e-02
1.033069999999999995e-02
1.319930000000000062e-02
1.407933999999999922e-02
1.060896000000000061e-02
1.254650000000000036e-02
1.467474000000000035e-02
1.391088000000000047e-02
1.117067000000000060e-02
8.065380000000000466e-03
2.840978999999999987e-03
-2.286544000000000163e-03
1.299985999999999937e-03
8.472076000000000259e-03
1.458664999999999962e-02
1.942342999999999847e-02
1.988331000000000126e-02
1.422651999999999944e-02
7.302129000000000085e-03
6.451578000000000347e-03
5.479671999999999668e-03
3.620552999999999879e-03
9.973753999999999606e-03
1.673385000000000150e-02
1.173073999999999992e-02
5.127582000000000320e-03
2.381250000000000120e-03
5.941260999999999765e-03
1.240765999999999918e-02
1.588200000000000028e-02
1.729740999999999918e-02
1.552293000000000076e-02
1.679454999999999837e-02
1.409919999999999923e-02
6.912729000000000269e-03
-3.545210000000000028e-03
-1.752445999999999865e-02
-2.570727000000000081e-02
-2.691371999999999862e-02
-2.655889999999999987e-02
-2.711983999999999922e-02
-3.211582000000000325e-02
-3.704143000000000019e-02
-3.393115000000000020e-02
-2.887206000000000147e-02
-2.621659999999999963e-02
-3.049974999999999908e-02
-3.497564999999999702e-02
-3.308809000000000056e-02
-2.877752000000000088e-02
-2.449754999999999988e-02
-2.422022999999999884e-02
-2.440385000000000124e-02
-2.292216000000000045e-02
-1.919184999999999988e-02
-1.587863000000000122e-02
-1.637227999999999947e-02
-1.167113000000000005e-02
-2.520674999999999999e-03
2.303860999999999930e-03
-2.068014999999999871e-03
-1.492245000000000030e-02
-2.195189000000000168e-02
-2.340922000000000142e-02
-1.924040999999999946e-02
-1.381216000000000041e-02
-1.334415000000000080e-02
-1.300360000000000057e-02
-1.666163999999999840e-02
-1.839941000000000146e-02
-1.379820999999999999e-02
-8.737086999999999284e-03
-4.746738999999999820e-03
-6.020514999999999721e-03
-1.029041999999999978e-02
-1.017217999999999942e-02
-7.931788999999999853e-03
-2.312846999999999820e-03
3.703810999999999996e-03
3.179575000000000023e-03
4.859091999999999752e-03
9.202283000000000338e-03
1.446633999999999941e-02
2.454479999999999856e-02
3.837708000000000091e-02
5.146185000000000342e-02
5.920091999999999716e-02
5.924266000000000254e-02
6.073963000000000279e-02
6.677566999999999531e-02
7.448312999999999462e-02
8.052426000000000028e-02
8.376812000000000147e-02
8.803685999999999456e-02
8.811225000000000307e-02
8.131531999999999649e-02
6.973050999999999555e-02
5.835781000000000301e-02
5.317418000000000144e-02
4.783451999999999843e-02
4.133230999999999711e-02
3.486068999999999973e-02
3.106396000000000157e-02
2.959743999999999917e-02
2.527959999999999929e-02
1.917204999999999951e-02
9.732852999999999644e-03
1.336900000000000024e-03
-6.890788999999999595e-03
-1.705809999999999965e-02
-2.119646999999999851e-02
-2.188591000000000147e-02
-1.981072000000000041e-02
-1.722564999999999860e-02
-1.823021000000000016e-02
-1.755723000000000006e-02
-1.874229000000000173e-02
-2.248496999999999996e-02
-2.536184999999999828e-02
-2.311840999999999896e-02
-1.975114999999999857e-02
-2.443305999999999950e-02
-3.125445999999999780e-02
-3.395594999999999863e-02
-3.693174999999999930e-02
-4.123736000000000068e-02
-4.696656999999999915e-02
-5.525138000000000271e-02
-6.101934999999999998e-02
-5.561967000000000300e-02
-4.387897999999999799e-02
-3.375771000000000327e-02
-2.701496000000000106e-02
-2.439828000000000136e-02
-2.132983000000000101e-02
-1.482877999999999974e-02
-7.161103999999999734e-03
6.727974999999999971e-04
5.502416000000000425e-03
4.450940999999999925e-03
-5.185435999999999865e-04
-2.203305000000000020e-03
-2.822391999999999956e-03
-4.972174000000000212e-03
-8.405865000000000212e-03
-1.443592999999999960e-02
-1.725569999999999882e-02
-1.267797000000000021e-02
-8.207323000000000743e-03
-4.938994000000000370e-03
-3.411436999999999803e-03
-9.722959999999999242e-03
-1.450888000000000004e-02
-1.623443999999999929e-02
-1.675766999999999882e-02
-1.398291999999999938e-02
-1.404112000000000068e-02
-1.647440999999999836e-02
-2.053935000000000136e-02
-2.526714000000000043e-02
-2.579853000000000007e-02
-2.100460999999999995e-02
-1.532551000000000052e-02
-1.393970999999999925e-02
-1.691857000000000083e-02
-1.921418999999999905e-02
-1.675352999999999912e-02
-1.082255000000000023e-02
-6.573190999999999930e-03
-1.187002000000000022e-02
-1.795311999999999950e-02
-1.904132000000000047e-02
-1.513867999999999985e-02
-9.186283999999999422e-03
-4.391340999999999994e-03
2.859239999999999872e-03
5.243414000000000061e-03
2.822364999999999857e-03
5.459002999999999951e-05
-4.757793000000000070e-04
3.758281999999999942e-03
6.655405999999999996e-03
1.075587000000000071e-02
1.376618999999999933e-02
1.379263000000000017e-02
1.614927000000000029e-02
1.497032000000000050e-02
1.141117999999999993e-02
5.109858000000000108e-03
-6.152905999999999870e-04
-3.079169999999999997e-03
-5.359489999999999740e-03
-4.326530999999999780e-03
1.808311000000000109e-04
4.807508000000000267e-03
1.056105000000000065e-02
1.397417999999999924e-02
1.024372999999999950e-02
3.680316999999999790e-03
-1.563495000000000032e-03
2.007704999999999820e-03
8.256859000000000073e-03
1.399816000000000081e-02
1.613757999999999859e-02
1.185847999999999937e-02
8.363604999999999651e-03
7.855670000000000361e-03
1.307993999999999997e-02
1.744452999999999976e-02
1.507242999999999951e-02
7.937941000000000441e-03
2.165882999999999958e-03
2.692008000000000074e-03
7.749032999999999789e-03
1.271834999999999979e-02
1.580720000000000042e-02
1.615689999999999835e-02
1.376135000000000032e-02
1.409167000000000058e-02
1.767817000000000000e-02
2.496547000000000002e-02
3.092601999999999851e-02
3.331121000000000082e-02
3.198540999999999884e-02
2.807650000000000076e-02
3.058303999999999884e-02
3.551871000000000195e-02
3.991490999999999789e-02
4.156586000000000308e-02
3.559189000000000103e-02
2.656671999999999853e-02
1.943427000000000002e-02
1.555288999999999977e-02
1.679287000000000141e-02
1.510300000000000011e-02
1.070866999999999999e-02
5.775892999999999826e-03
1.430512000000000103e-03
-4.408732000000000059e-04
1.694472000000000035e-03
8.924658000000000244e-03
1.133534999999999925e-02
7.928166000000000380e-03
5.312337999999999782e-03
5.433610000000000176e-03
7.703568000000000048e-03
1.230781000000000062e-02
1.533036999999999941e-02
1.652038000000000117e-02
1.619906000000000124e-02
1.656509000000000106e-02
1.455092000000000017e-02
1.126510000000000011e-02
7.210361999999999674e-03
3.773610000000000159e-03
6.147586000000000023e-03
1.046323000000000045e-02
1.589553999999999967e-02
1.520709999999999944e-02
1.369876000000000080e-02
1.310312999999999929e-02
1.125214000000000075e-02
1.396673000000000012e-02
1.752365000000000173e-02
1.746442000000000133e-02
1.316799999999999915e-02
6.603567000000000291e-03
-4.116055000000000083e-04
-4.602995999999999824e-03
-5.852310999999999798e-03
-5.851369999999999835e-03
-9.028074999999999989e-03
-1.026108000000000055e-02
-6.010693000000000112e-03
-6.122948999999999926e-03
-4.328206999999999714e-03
-7.743389999999999735e-04
1.484403999999999932e-03
-1.769019999999999946e-04
-4.215324000000000328e-03
-8.144629000000000452e-03
-1.136823999999999994e-02
-1.154270999999999943e-02
-1.385158000000000049e-02
-1.422693000000000048e-02
-1.373138999999999957e-02
-1.379674000000000005e-02
-1.461670999999999977e-02
-1.472692999999999919e-02
-1.045921999999999998e-02
-6.670792000000000041e-03
-5.830565999999999700e-03
-6.019301999999999812e-03
-5.745056000000000121e-03
-6.199953999999999708e-03
-4.958953999999999793e-03
-3.232534999999999922e-03
-3.164283999999999847e-03
-3.833337000000000029e-03
-7.268043000000000073e-03
-1.040600000000000032e-02
-1.459330000000000002e-02
-1.790359000000000048e-02
-2.427119999999999972e-02
-3.307199999999999723e-02
-3.795379000000000114e-02
-4.190552000000000166e-02
-4.135082999999999814e-02
-3.928481999999999807e-02
-3.919617000000000240e-02
-3.977955999999999853e-02
-3.670906000000000169e-02
-3.109216000000000063e-02
-2.638389999999999833e-02
-2.300135000000000027e-02
-2.272913999999999837e-02
-2.260478999999999961e-02
-2.255182999999999841e-02
-2.143014000000000030e-02
-2.334740000000000079e-02
-2.705540999999999849e-02
-3.044320000000000012e-02
-3.105820000000000108e-02
-2.902686000000000155e-02
-2.759821000000000149e-02
-2.570862000000000147e-02
-2.526304999999999870e-02
-2.538446999999999926e-02
-2.553955000000000114e-02
-2.559161999999999895e-02
-2.540303000000000005e-02
-2.665640999999999844e-02
-2.965566999999999856e-02
-3.155762000000000150e-02
-3.068883999999999848e-02
-2.803440999999999919e-02
-2.425209000000000045e-02
-2.237779999999999977e-02
-1.851900999999999894e-02
-1.221679999999999988e-02
-6.660067000000000417e-03
-4.923440999999999755e-03
-7.556587000000000026e-03
-1.117993999999999932e-02
-1.447493000000000044e-02
-1.303913999999999941e-02
-8.716336999999999349e-03
-6.326026000000000218e-03
-6.416849999999999984e-03
-3.276998000000000150e-03
2.647883000000000181e-03
8.572764999999999552e-03
1.557860999999999968e-02
1.685328000000000173e-02
1.329417999999999919e-02
1.295657000000000059e-02
1.263017999999999953e-02
1.331744999999999977e-02
1.754440000000000166e-02
2.533650999999999959e-02
3.011617000000000113e-02
3.243611999999999884e-02
3.089824000000000043e-02
2.725346999999999839e-02
2.676187000000000010e-02
2.667819000000000093e-02
2.675664999999999988e-02
2.451104000000000130e-02
2.374410000000000062e-02
2.659129000000000007e-02
3.153514000000000317e-02
3.478309000000000262e-02
3.874999999999999972e-02
4.042136999999999813e-02
4.057021000000000238e-02
3.951876000000000000e-02
3.551809000000000216e-02
3.507239000000000190e-02
3.319288000000000100e-02
2.853649000000000116e-02
2.527721000000000134e-02
2.256555000000000019e-02
2.101135000000000155e-02
2.290707999999999980e-02
2.416951999999999989e-02
2.196367999999999931e-02
2.126814000000000135e-02
1.886140000000000039e-02
1.553787000000000050e-02
1.556025999999999937e-02
1.539193999999999979e-02
1.551223000000000012e-02
1.489725000000000077e-02
1.023169999999999982e-02
4.703398999999999601e-03
5.588524999999999569e-03
1.023869999999999988e-02
1.308078000000000018e-02
1.054760000000000073e-02
5.875922999999999910e-03
1.831415999999999990e-03
2.961291999999999917e-03
4.554151000000000206e-03
4.122739000000000265e-03
1.995427000000000138e-03
-9.630083000000000002e-04
-9.752874999999999826e-04
-1.398539999999999983e-03
4.349910000000000235e-04
-1.097784999999999993e-03
1.677267999999999880e-04
1.560711999999999907e-03
1.570870999999999943e-03
1.007911000000000007e-03
-1.108178999999999935e-03
-1.317273000000000098e-03
-4.606917999999999994e-04
2.934131999999999886e-03
5.379537000000000208e-03
6.026043000000000024e-03
3.206305000000000006e-03
-1.444963999999999971e-03
-4.222889999999999977e-03
-3.759942000000000058e-03
-5.419165000000000093e-03
-8.110409000000000715e-03
-1.266276000000000033e-02
-1.491650999999999914e-02
-1.541726000000000034e-02
-1.599754000000000106e-02
-1.266287999999999962e-02
-6.573784000000000051e-03
-1.927679000000000068e-03
-1.405580000000000024e-03
-1.307708999999999998e-03
-1.241452000000000094e-03
8.755909999999999995e-04
3.461735000000000072e-03
2.838620000000000032e-03
1.452706999999999913e-03
-1.657660000000000036e-03
-4.892439000000000163e-03
-7.041150000000000360e-03
-8.985902000000000472e-03
-6.740363000000000084e-03
-7.099349999999999931e-03
-6.734290000000000415e-03
-5.390238000000000321e-03
-8.288485999999999423e-03
-7.866316999999999407e-03
-5.677882000000000415e-03
-6.070520000000000256e-03
-7.709332000000000164e-03
-1.048213999999999917e-02
-1.137141000000000020e-02
-1.217297999999999991e-02
-1.582791000000000059e-02
-1.718627000000000002e-02
-1.623789000000000135e-02
-1.386690999999999965e-02
-1.148879000000000046e-02
-1.201909999999999958e-02
-1.409946999999999936e-02
-1.422389999999999939e-02
-1.220678000000000041e-02
-1.147253999999999982e-02
-1.434018999999999919e-02
-1.893535000000000010e-02
-2.229147000000000073e-02
-2.244546999999999862e-02
-2.275753000000000151e-02
-2.143487999999999991e-02
-1.857338000000000044e-02
-1.586177999999999894e-02
-1.355300000000000081e-02
-1.151955999999999987e-02
-8.435738999999999391e-03
-4.515695000000000126e-03
-6.966112000000000432e-04
-2.086582000000000020e-03
-3.507145000000000141e-03
-2.458770999999999909e-05
4.271757999999999632e-03
5.340488000000000006e-03
4.726575999999999694e-03
3.353945000000000103e-03
4.127959999999999963e-03
6.863018999999999717e-03
7.851189999999999211e-03
4.972340999999999914e-03
-5.824200999999999771e-04
-6.130041999999999609e-03
-9.050700999999999538e-03
-8.741703999999999447e-03
-7.552632000000000095e-03
-3.321544000000000059e-03
-1.121866000000000009e-03
1.066595000000000043e-03
1.903844000000000022e-03
2.160836000000000180e-03
5.523071000000000057e-03
8.114349999999999341e-03
1.034563999999999970e-02
1.025999000000000008e-02
1.044151999999999927e-02
1.000505999999999965e-02
7.474993000000000089e-03
5.042821000000000282e-03
1.424640000000000021e-03
-7.291313999999999695e-04
-5.873678999999999706e-04
-7.576578999999999953e-04
-5.944776999999999614e-04
-1.065603000000000036e-03
-3.784329999999999812e-03
-5.936056999999999792e-03
-8.350889000000000228e-03
-1.136535999999999970e-02
-1.175386999999999960e-02
-1.195780999999999927e-02
-9.625543999999999767e-03
-6.620219000000000104e-03
-6.118463999999999674e-03
-7.429884000000000314e-03
-9.565290000000000598e-03
-1.124077000000000062e-02
-8.847314999999999693e-03
-6.196873000000000312e-03
-6.363071999999999999e-03
-7.830514999999999698e-03
-9.203117999999999715e-03
-6.889201000000000179e-03
-6.178384999999999780e-03
-6.425143000000000347e-03
-3.992929999999999570e-03
-3.798122000000000130e-03
-1.796255999999999981e-03
-8.386477000000000038e-04
2.046228999999999887e-04
2.348241000000000044e-03
4.750884000000000357e-03
7.382981000000000266e-03
9.201290000000000857e-03
1.049543000000000004e-02
9.845863999999999311e-03
1.249427999999999997e-02
1.283595000000000048e-02
1.376092999999999934e-02
1.752396999999999982e-02
2.047219999999999943e-02
2.377633999999999997e-02
2.345005000000000006e-02
2.023675999999999947e-02
1.753539000000000139e-02
1.607611999999999930e-02
1.414060999999999964e-02
1.501256999999999939e-02
1.616905000000000078e-02
1.602939000000000100e-02
1.520341000000000053e-02
1.191261000000000056e-02
8.641193999999999611e-03
7.359374000000000124e-03
9.614164999999999170e-03
1.192912999999999960e-02
1.481517000000000077e-02
1.579318999999999862e-02
1.564230999999999955e-02
1.579430999999999891e-02
1.560775000000000010e-02
1.605650000000000133e-02
1.930457000000000006e-02
2.322772999999999852e-02
2.313499000000000111e-02
2.014095999999999942e-02
1.825747999999999954e-02
2.067543999999999979e-02
2.384295000000000164e-02
2.374613000000000071e-02
2.189121000000000122e-02
2.069709999999999953e-02
2.230535999999999977e-02
2.385040000000000077e-02
2.113579000000000152e-02
1.606447000000000083e-02
1.097683999999999986e-02
6.055427000000000379e-03
4.545193999999999797e-03
7.121235000000000065e-03
6.638945000000000263e-03
3.941685000000000327e-03
1.463679999999999972e-03
1.458651000000000045e-03
1.968614000000000041e-03
9.774551999999999720e-04
-1.408766000000000098e-03
-5.588786999999999575e-03
-7.049045000000000311e-03
-6.306566999999999902e-03
-7.716853000000000080e-03
-1.026623999999999939e-02
-1.378849000000000047e-02
-1.922079999999999969e-02
-2.255236000000000046e-02
-2.378417999999999852e-02
-2.324056000000000038e-02
-2.534735000000000113e-02
-2.767237000000000169e-02
-2.658724000000000157e-02
-2.483006999999999923e-02
-2.111798000000000147e-02
-2.029593999999999843e-02
-2.172253999999999852e-02
-2.393640000000000004e-02
-2.559142000000000014e-02
-2.317036999999999916e-02
-2.415946999999999886e-02
-2.589402999999999844e-02
-2.820782999999999971e-02
-2.951714999999999894e-02
-2.860740999999999978e-02
-2.747638000000000164e-02
-2.561516999999999961e-02
-2.379681000000000157e-02
-2.268515000000000115e-02
-2.472461999999999924e-02
-2.588402000000000064e-02
-2.547295999999999935e-02
-2.590218000000000034e-02
-2.606218999999999897e-02
-2.610695999999999850e-02
-2.524003999999999831e-02
-2.224075999999999831e-02
-1.830531000000000172e-02
-1.744858999999999993e-02
-1.647153999999999979e-02
-1.406372000000000004e-02
-1.076971999999999999e-02
-6.847525999999999613e-03
-7.732593000000000279e-03
-9.199954999999999244e-03
-9.182511000000000839e-03
-7.142835999999999630e-03
-4.249600000000000079e-03
-1.993728000000000167e-03
-5.587816999999999697e-04
2.469587999999999775e-04
-4.953317000000000267e-04
-2.777495000000000051e-03
-3.634000000000000077e-03
1.003072000000000035e-03
5.402533999999999635e-03
9.099367000000000566e-03
9.253470999999999225e-03
3.277654999999999978e-03
2.699555000000000184e-03
4.355803999999999579e-03
6.082416999999999685e-03
7.681559000000000130e-03
9.577458999999999972e-03
1.011908000000000078e-02
1.024668999999999927e-02
1.290028000000000008e-02
1.261179999999999940e-02
1.331659999999999962e-02
1.546235999999999965e-02
1.564501999999999907e-02
1.724722999999999881e-02
2.007215999999999861e-02
2.344879999999999881e-02
2.817255999999999927e-02
2.951575000000000032e-02
2.944246000000000016e-02
2.903466999999999854e-02
2.383800000000000155e-02
2.136617000000000030e-02
1.832937999999999928e-02
1.564646999999999913e-02
1.581182000000000074e-02
1.555903999999999968e-02
1.583860000000000129e-02
1.510653999999999990e-02
1.229308999999999957e-02
1.022612999999999994e-02
1.260848999999999998e-02
1.279015000000000013e-02
1.307276999999999918e-02
1.194605999999999967e-02
9.122415999999999511e-03
6.055050000000000189e-03
4.167576000000000093e-03
4.068803000000000177e-03
7.644312000000000329e-03
1.217943999999999971e-02
1.333295999999999960e-02
1.207266000000000068e-02
6.592490999999999803e-03
4.495967000000000019e-03
4.776558999999999666e-03
4.436103000000000268e-03
4.876804000000000208e-03
2.893478000000000109e-03
-1.882014999999999903e-03
-4.144759999999999937e-03
-3.664286000000000106e-03
1.326694000000000007e-03
6.733745000000000182e-03
7.341695999999999986e-03
7.523376000000000022e-03
7.327738000000000307e-03
7.589982999999999799e-03
7.150618000000000078e-03
5.120391000000000178e-03
4.060997999999999691e-03
1.263894999999999906e-03
-2.106325000000000038e-03
-3.726595999999999988e-03
-6.001567000000000186e-03
-6.272663000000000370e-03
-6.484611000000000368e-03
-5.329027000000000069e-03
-4.310094000000000425e-03
-2.986244999999999785e-03
-9.811784000000000044e-04
-3.732157999999999851e-04
1.995915000000000016e-03
1.462741000000000041e-03
-5.389216000000000275e-04
-8.558999000000000077e-04
2.620718000000000179e-03
6.906026000000000005e-03
9.946177999999999964e-03
1.022577000000000035e-02
1.081334999999999935e-02
1.313761999999999916e-02
1.232707000000000074e-02
1.013165000000000072e-02
9.907482999999999915e-03
8.256635000000000016e-03
5.414679000000000367e-03
3.633300999999999805e-03
4.762386000000000397e-03
4.313866000000000402e-03
3.426839000000000100e-03
6.878861000000000003e-04
-1.614598000000000075e-03
-2.197727999999999921e-03
-4.457380000000000370e-03
-5.610565999999999991e-03
-8.902237999999999818e-03
-1.156675000000000064e-02
-1.329916000000000084e-02
-1.033547999999999932e-02
-7.440121000000000061e-03
-7.399135999999999734e-03
-7.479505000000000008e-03
-7.413025000000000170e-03
-7.794228000000000267e-03
-6.322483999999999743e-03
-4.935380999999999969e-03
-5.197267000000000206e-03
-5.532577000000000328e-03
-7.969660999999999412e-03
-1.079528000000000085e-02
-1.085422999999999943e-02
-1.117016000000000016e-02
-1.114344999999999919e-02
-1.177142999999999939e-02
-1.175287000000000033e-02
-1.146305000000000067e-02
-1.106206000000000030e-02
-1.255890999999999952e-02
-1.331640000000000081e-02
-1.109816999999999922e-02
-1.116628000000000065e-02
-1.048486000000000036e-02
-1.170532999999999990e-02
-9.477911999999999795e-03
-8.498709000000000124e-03
-5.656361000000000375e-03
-3.163797999999999784e-03
-3.353264999999999805e-03
-3.202125000000000110e-03
-3.382412999999999913e-03
-3.248607000000000144e-03
-3.570643999999999988e-03
-1.552276999999999910e-03
-3.140433000000000092e-04
1.414707000000000074e-03
1.126325999999999977e-03
1.589525000000000052e-03
2.939937000000000106e-03
4.997060999999999691e-03
7.296892999999999609e-03
5.849021000000000255e-03
3.423175999999999997e-03
3.140767000000000146e-04
-4.882708999999999942e-04
-7.134201000000000171e-04
1.043890999999999916e-03
2.374933000000000079e-03
2.082479999999999835e-03
1.634000000000000036e-03
-6.541682999999999960e-04
-7.232869999999999751e-04
-1.889692000000000108e-03
-3.260054000000000077e-03
-3.353646000000000058e-03
-3.091332999999999928e-03
-4.203687000000000222e-03
-4.904048000000000261e-03
-2.586867999999999980e-03
-6.583846999999999782e-06
3.069315999999999885e-03
6.473587000000000265e-03
8.048365999999999507e-03
7.648844999999999603e-03
8.111040999999999390e-03
7.212846999999999661e-03
6.731743999999999575e-03
7.509054999999999723e-03
7.693873000000000378e-03
8.121398999999999632e-03
5.480396000000000226e-03
2.233643000000000000e-03
2.503104999999999827e-03
4.493961999999999783e-03
5.262099000000000117e-03
4.972721000000000259e-03
5.299291999999999718e-03
7.474732999999999898e-03
8.031777000000000361e-03
9.722820000000000074e-03
1.066330000000000056e-02
1.061764999999999931e-02
1.062096000000000047e-02
1.078232999999999969e-02
1.011053999999999946e-02
8.137501999999999583e-03
7.178132000000000262e-03
7.067221999999999740e-03
8.451316000000000384e-03
6.895372000000000307e-03
3.673103000000000045e-03
6.588708000000000412e-04
-1.854647999999999974e-03
-3.577832999999999881e-03
-1.614500000000000050e-03
-6.709488000000000431e-04
-2.764314999999999828e-03
-4.050009999999999721e-03
-7.052003000000000264e-03
-9.890829000000000287e-03
-1.163135000000000037e-02
-1.191052000000000083e-02
-9.215993000000000449e-03
-8.489652999999999783e-03
-1.111533999999999960e-02
-1.199210000000000033e-02
-1.113012000000000029e-02
-1.242908000000000034e-02
-1.586446999999999857e-02
-1.686156999999999934e-02
-1.679910000000000084e-02
-1.680291999999999897e-02
-1.685978000000000129e-02
-1.670144999999999963e-02
-1.702854000000000173e-02
-1.509885000000000047e-02
-1.391055000000000069e-02
-1.405100999999999919e-02
-1.509501000000000072e-02
-1.397809000000000031e-02
-1.156094000000000045e-02
-8.945958000000000382e-03
-5.541657999999999654e-03
-8.101053999999999894e-03
-8.333303000000000238e-03
-8.664470000000000505e-03
-7.404774999999999725e-03
-3.196885000000000004e-03
-3.137472999999999998e-03
-3.688912999999999828e-03
-3.297051999999999969e-03
-1.591708999999999962e-03
-7.196709000000000352e-05
-1.084145999999999970e-04
-1.938662000000000067e-03
-3.633276999999999861e-03
-6.685225000000000369e-03
-8.564419000000000198e-03
-8.237823999999999494e-03
-8.181469000000000241e-03
-4.433496000000000312e-03
-3.222745999999999857e-03
-1.027904000000000057e-03
-1.424649000000000054e-04
4.227629999999999908e-04
2.465657999999999912e-03
3.641736999999999926e-03
5.790688999999999906e-03
5.030198999999999955e-03
7.672728000000000187e-03
8.117622999999999159e-03
8.542121999999999216e-03
9.706983000000000625e-03
8.239784999999999471e-03
6.613499999999999587e-03
4.309058000000000159e-03
2.581813999999999984e-03
5.240660999999999757e-03
7.757756999999999674e-03
8.822682999999999567e-03
1.108279000000000035e-02
9.401441999999999438e-03
8.087211000000000399e-03
8.549443999999999794e-03
7.900112000000000800e-03
5.865915999999999665e-03
5.235959999999999573e-03
5.366764000000000430e-03
5.496548000000000406e-03
5.564125999999999968e-03
5.443044000000000181e-03
5.934852000000000009e-03
1.012132999999999956e-02
1.110772999999999969e-02
1.054203000000000084e-02
7.248400999999999803e-03
6.922344000000000414e-03
1.083959999999999958e-02
1.020558000000000055e-02
7.359628000000000003e-03
3.891615000000000178e-03
2.334678000000000187e-03
4.585478999999999944e-04
2.158800000000000215e-03
2.839267999999999827e-03
2.683514000000000125e-03
2.912217999999999838e-03
2.094622999999999884e-03
-1.636492999999999932e-03
-2.720250999999999919e-03
-2.766888999999999807e-03
-2.227149999999999790e-03
1.961278999999999963e-04
-1.044360999999999944e-04
6.308046000000000421e-05
-2.307645000000000095e-03
-3.616775000000000025e-03
-4.784156000000000346e-03
-5.506910999999999751e-03
-5.290445000000000390e-03
-5.527782999999999655e-03
-6.509563999999999802e-03
-4.055691999999999631e-03
-2.812303999999999846e-03
-4.775118000000000071e-03
-5.458102000000000266e-03
-4.069905999999999871e-03
-2.308468000000000152e-03
-3.404466000000000089e-03
-5.504949999999999774e-03
-8.178552999999999865e-03
-5.976569000000000152e-03
-5.459269999999999574e-03
-4.018044999999999603e-03
-2.043474999999999892e-03
-2.342003000000000053e-03
-2.742509000000000179e-03
-2.430186999999999885e-03
-6.993449999999999797e-04
-9.672803000000000434e-04
-7.977280999999999695e-04
-5.241586000000000335e-04
3.408854000000000007e-04
4.847442999999999999e-05
3.077662000000000214e-04
1.331507000000000023e-05
7.355881000000000529e-04
2.913091999999999938e-03
2.748153000000000141e-03
3.050273999999999954e-03
2.641605999999999902e-03
4.195001000000000285e-03
6.022717999999999822e-03
4.507582999999999902e-03
2.879251000000000206e-03
4.441821999999999784e-03
5.364988999999999696e-03
6.668536000000000082e-03
8.581910999999999359e-03
8.439402999999999835e-03
1.061282000000000024e-02
1.140444000000000006e-02
1.092131999999999999e-02
1.268377000000000046e-02
1.239236999999999977e-02
1.026842000000000033e-02
8.160779999999999423e-03
9.716206999999999275e-03
1.051088000000000022e-02
8.548048000000000798e-03
5.885648999999999742e-03
3.327267999999999979e-03
2.374025000000000094e-03
1.551939999999999917e-05
2.095113000000000010e-03
2.085168000000000091e-03
1.939591999999999965e-03
1.902112000000000074e-03
2.209318999999999953e-03
3.236492000000000101e-03
2.738069000000000093e-03
1.447273000000000006e-03
-2.114583000000000174e-03
-3.146356999999999800e-03
-2.917677000000000031e-03
-8.625646000000000051e-04
-5.431257000000000099e-04
-2.622218999999999852e-03
-2.383343999999999914e-03
-2.696173999999999966e-03
-2.334926000000000189e-03
-4.671006999999999590e-03
-5.240823999999999830e-03
-5.278314000000000096e-03
-5.114907999999999608e-03
-5.754071999999999833e-03
-7.896398000000000653e-03
-5.314066999999999576e-03
-5.480053999999999828e-03
-3.903231000000000062e-03
-2.541583000000000037e-03
-8.148534999999999936e-04
2.064231000000000139e-03
2.946578000000000044e-03
3.030432999999999912e-03
1.271538000000000009e-03
-9.727747999999999820e-04
-2.691900000000000109e-03
-2.311291000000000040e-03
-2.832171999999999988e-03
-9.076120999999999495e-04
3.265531000000000228e-04
2.502952000000000020e-04
2.464410000000000212e-04
3.884149999999999734e-04
2.291553999999999900e-03
4.815741000000000119e-03
8.127201000000000564e-03
8.678104000000000720e-03
8.173530000000000031e-03
5.910847000000000323e-03
3.838863999999999992e-03
5.769530000000000144e-03
4.629626999999999874e-03
2.062025999999999790e-03
6.754117999999999494e-05
1.298630999999999961e-03
2.854012999999999863e-03
1.067561000000000074e-03
-3.048595999999999771e-04
-2.171877000000000009e-03
-1.570537000000000003e-06
2.790749000000000138e-04
2.660214999999999737e-04
2.805010000000000034e-04
2.827419999999999977e-04
2.523487000000000256e-04
3.198532999999999823e-04
1.905386000000000124e-04
4.467006999999999835e-04
-4.780480000000000146e-04
-2.596965000000000124e-03
-2.317351000000000046e-03
-3.791768000000000048e-03
-5.775055999999999766e-03
-7.434056999999999991e-03
-8.320060000000000650e-03
-7.176697000000000111e-03
-5.388831000000000176e-03
-3.788606999999999825e-03
-2.414775999999999988e-03
-2.489040000000000089e-03
1.093640000000000107e-03
3.104831000000000171e-03
3.678126999999999786e-03
3.142915999999999939e-03
-1.283776999999999889e-04
-3.448622000000000146e-03
-5.178003999999999940e-03
-5.246161000000000053e-03
-5.214380000000000230e-03
-5.242766999999999740e-03
-7.165915999999999605e-03
-8.506767999999999622e-03
-6.227390000000000182e-03
-2.641670000000000042e-03
-2.573185999999999876e-03
-3.003378000000000124e-03
-6.821294000000000315e-03
-9.778513000000000829e-03
-1.100107999999999989e-02
-1.050428999999999946e-02
-8.338128000000000206e-03
-7.969838999999999396e-03
-7.884031999999999152e-03
-7.738059999999999730e-03
-8.938203000000000467e-03
-1.087158000000000048e-02
-1.083473000000000075e-02
-1.082438999999999971e-02
-1.094459000000000057e-02
-1.070173999999999952e-02
-1.133082000000000013e-02
-1.244326999999999933e-02
-9.902584000000000733e-03
-8.334048999999999624e-03
-7.135548999999999711e-03
-4.969397999999999871e-03
-3.541119000000000124e-03
-1.670213999999999943e-03
-1.442232000000000106e-03
-1.426757999999999976e-03
4.148520000000000050e-05
1.953078000000000019e-03
3.176277999999999827e-03
2.993720999999999969e-03
3.057213999999999939e-03
3.598994999999999798e-03
3.429148999999999826e-03
2.998807999999999942e-03
3.636454999999999809e-03
7.038316000000000190e-03
8.602857999999999686e-03
8.924892000000000242e-03
7.401040999999999696e-03
6.307988999999999957e-03
6.377563999999999629e-03
7.334890000000000160e-03
7.131606000000000403e-03
5.067943000000000101e-03
2.978534000000000129e-03
4.073899999999999874e-04
-1.438583999999999913e-03
-3.591913999999999871e-03
-4.867037000000000273e-03
-4.604518000000000152e-03
-4.824087999999999814e-03
-2.541789999999999935e-03
9.644392999999999532e-05
8.987446000000000280e-04
3.922010000000000080e-04
-1.321672999999999988e-03
4.716801000000000175e-04
9.305087999999999771e-04
5.702924000000000491e-04
1.508919999999999966e-03
3.301702000000000109e-03
3.396721000000000115e-03
3.338798999999999934e-03
3.426267000000000201e-03
3.303233000000000037e-03
3.417109000000000205e-03
3.287034999999999783e-03
3.385078000000000132e-03
3.287968000000000054e-03
3.316383999999999912e-03
3.379147999999999787e-03
2.314090999999999891e-03
-7.056162999999999411e-05
-1.810624000000000044e-03
-2.024519999999999922e-04
1.844581000000000085e-03
5.593973000000000348e-03
6.881212000000000266e-03
5.462528000000000349e-03
2.993299999999999954e-03
7.731498000000000493e-04
2.143952000000000184e-03
4.056653000000000342e-03
5.749867999999999993e-03
5.110266999999999935e-03
3.263767999999999791e-03
2.973313999999999905e-03
2.989003999999999966e-03
2.921261000000000083e-03
2.930689000000000211e-03
2.853954000000000126e-03
2.915707999999999928e-03
1.148259999999999906e-03
2.883086000000000199e-04
1.631992999999999985e-03
3.595928999999999879e-03
5.162907000000000433e-03
4.846218999999999701e-03
5.155172999999999874e-03
6.397101999999999997e-03
9.120804999999999191e-03
1.141168000000000043e-02
1.034266000000000005e-02
8.757736999999999813e-03
7.376304000000000194e-03
6.286362999999999673e-03
6.461014999999999640e-03
5.585190000000000293e-03
3.803230999999999799e-03
3.883137000000000047e-03
3.435018000000000186e-03
2.638199999999999833e-03
1.804503999999999960e-03
1.022946999999999962e-03
-1.557905999999999961e-03
-2.593060999999999804e-03
-6.568188000000000411e-04
8.412813000000000322e-04
-1.961347000000000112e-04
-1.707516999999999976e-03
-2.972489000000000034e-03
-2.724215999999999790e-03
-1.381894999999999955e-03
-3.007692000000000137e-05
3.122962999999999868e-04
-1.099806000000000047e-03
-5.832429999999999993e-04
-9.583105999999999656e-04
-3.667653000000000102e-04
4.541975999999999761e-04
6.711656000000000306e-04
2.559091999999999791e-03
2.488596000000000037e-03
8.316063999999999531e-04
6.537252000000000340e-04
6.187929000000000433e-04
5.080250999999999821e-04
5.852850999999999844e-04
-6.209663999999999505e-04
-1.274659999999999942e-03
-2.411008999999999982e-03
-3.229342999999999970e-03
-2.879289000000000154e-03
-3.163337999999999914e-03
-2.612207000000000071e-03
-1.376241999999999960e-03
-1.161511000000000054e-03
-1.357450999999999970e-03
-9.399395999999999749e-04
-8.193243999999999918e-04
-1.319421000000000092e-03
-2.492555000000000031e-03
-4.196128999999999831e-03
-4.332658999999999989e-03
-3.423400999999999961e-03
-3.754461000000000170e-03
-3.877255000000000024e-03
-3.954853000000000361e-03
-3.972467999999999833e-03
-4.695000000000000388e-03
-5.202469000000000364e-03
-5.058507999999999755e-03
-4.987013999999999683e-03
-4.733549000000000090e-03
-3.688302000000000073e-03
-2.957149999999999970e-03
-2.878150999999999800e-03
-3.188981999999999928e-03
-2.332961000000000149e-03
-1.580624999999999999e-03
-4.029586000000000149e-04
8.930233999999999785e-04
1.654426000000000074e-03
2.405093999999999982e-03
2.227965000000000154e-03
2.157276999999999979e-03
2.574369999999999870e-03
3.228874000000000067e-03
3.087861999999999812e-03
2.977080999999999911e-03
2.692803000000000124e-03
2.801301999999999872e-03
1.749555999999999984e-03
1.322877000000000081e-03
1.166677999999999986e-03
1.174080000000000089e-03
1.964968000000000097e-03
2.143078999999999991e-03
2.024377999999999855e-03
2.012410999999999974e-03
1.112562000000000099e-03
1.485919999999999895e-04
-8.374170999999999481e-04
-1.425133000000000085e-03
-1.503819999999999896e-03
-1.311003000000000038e-03
-6.419467000000000315e-04
-1.799803999999999900e-03
-2.393525000000000080e-03
-2.314636000000000124e-03
-1.723045000000000089e-03
-1.198206999999999961e-03
-1.177628999999999915e-03
-1.343161999999999958e-03
-1.012366999999999911e-03
-3.424820000000000186e-04
1.968450999999999968e-04
4.891424000000000282e-05
1.051139000000000034e-04
1.818466999999999881e-04
3.233627000000000203e-05
5.874611999999999787e-05
-4.033066999999999989e-04
-1.494611000000000073e-03
-2.768356000000000029e-03
-2.923448999999999839e-03
-2.789264000000000066e-03
-2.634050000000000193e-03
-2.668169000000000183e-03
-3.096169000000000178e-03
-3.040065000000000215e-03
-2.508462999999999839e-03
-2.087163999999999860e-03
-1.568013999999999953e-03
-1.773955000000000020e-03
-1.988553000000000109e-03
-1.750433999999999931e-03
-1.818675000000000066e-03
-1.553405000000000107e-03
-1.816679000000000080e-03
-1.921416000000000009e-03
-1.433058999999999982e-03
-9.245577999999999522e-04
-8.651552000000000070e-04
-1.203726000000000015e-03
-1.049107000000000078e-03
-1.059133000000000080e-03
-8.894702000000000207e-04
-1.170763000000000012e-03
-8.550413999999999888e-04
-8.117470000000000328e-04
-1.052345000000000103e-03
-9.966889000000000044e-04
-1.255386000000000045e-03
-1.066480999999999983e-03
-1.011109999999999960e-03
-8.095688000000000406e-04
-7.426644000000000041e-04
-9.099279999999999521e-04
-8.280545000000000050e-04
-6.604595000000000214e-04
-4.129296000000000182e-04
-1.497229999999999893e-04
2.021730999999999973e-04
3.117881999999999772e-04
1.643868999999999897e-04
1.721240999999999874e-04
9.131872000000000513e-05
-1.353957999999999980e-06
-3.819913999999999592e-06
1.670243999999999928e-04
4.520098999999999970e-04
5.749149000000000273e-04
4.808619999999999778e-04
5.454684000000000442e-04
7.123357999999999773e-04
1.077501999999999930e-03
1.301085999999999909e-03
1.433879000000000100e-03
1.533297999999999996e-03
1.540960999999999980e-03
1.659934999999999970e-03
1.653177999999999939e-03
1.616280000000000104e-03
1.594511999999999969e-03
1.549098999999999962e-03
1.556462999999999900e-03
1.604996000000000027e-03
1.555453999999999951e-03
1.509160000000000059e-03
1.405163000000000072e-03
1.445915999999999998e-03
1.416464000000000091e-03
1.296683000000000080e-03
1.244953999999999939e-03
1.193246000000000020e-03
1.201746999999999971e-03
1.197245999999999901e-03
1.180861000000000063e-03
1.105012000000000051e-03
9.972934999999999613e-04
9.417868999999999937e-04
8.895799999999999498e-04
8.016644999999999544e-04
7.067297999999999636e-04
5.814054999999999614e-04
4.676317999999999838e-04
3.570293000000000208e-04
2.583886000000000082e-04
1.611120000000000119e-04
6.137675000000000151e-05
-1.528396999999999929e-05
-7.860747999999999434e-05
-1.416206000000000040e-04
-2.000550000000000082e-04
-2.498948999999999984e-04
-2.852299999999999779e-04
-3.140977999999999999e-04
-3.349601000000000119e-04
-3.463833999999999945e-04
-3.557637999999999903e-04
-3.573493999999999976e-04
-3.533278999999999955e-04
-3.472909000000000261e-04
-3.373011000000000086e-04
-3.231198000000000230e-04
-3.054347000000000117e-04
-2.842168999999999859e-04
